Roll_No,Name,Telugu,Hindi,Engish,Maths,Science,Social,Total,Percentage,Grade
101,sai,90.0,90.0,90.0,90.0,90.0,90.0,540.0,90.0,Pass
102,venkat,33.0,33.0,33.0,33.0,33.0,33.0,198.0,33.0,Fail
103,anil,44.0,44.0,44.0,44.0,44.0,44.0,264.0,44.0,Firstclass
104,geetha,32.0,32.0,32.0,32.0,32.0,32.0,192.0,32.0,Fail
105,sanju,1.0,1.0,1.0,1.0,,1.0,5.0,0.8333333333333334,Fail
106,devi,6.0,6.0,6.0,6.0,6.0,6.0,36.0,6.0,Fail
107,shambhavi,3.0,,3.0,3.0,3.0,3.0,15.0,2.5,Fail
108,ramu,78.0,78.0,78.0,78.0,78.0,78.0,468.0,78.0,Firstclass
109,chandhu,99.0,99.0,99.0,99.0,99.0,99.0,594.0,99.0,Pass
110,anusha,100.0,100.0,100.0,100.0,100.0,100.0,600.0,100.0,Pass
111,hari,100.0,100.0,,100.0,100.0,,400.0,66.66666666666667,Firstclass
112,pavan,14.0,14.0,14.0,14.0,14.0,14.0,84.0,14.0,Fail
113,teju,63.0,63.0,63.0,63.0,63.0,63.0,378.0,63.0,Firstclass
114,vasi,92.0,92.0,92.0,92.0,92.0,92.0,552.0,92.0,Pass
115,,34.0,34.0,34.0,34.0,34.0,34.0,204.0,34.0,Fail
116,dinakhar,56.0,56.0,56.0,,56.0,56.0,280.0,46.666666666666664,Firstclass
117,ramya,57.0,57.0,57.0,57.0,57.0,57.0,342.0,57.0,Firstclass
118,sasi,,3.0,100.0,56.0,,,159.0,26.5,Fail
119,santhosh,89.0,89.0,89.0,89.0,89.0,89.0,534.0,89.0,Pass
120,kavya,72.0,72.0,72.0,72.0,72.0,72.0,432.0,72.0,Firstclass
