,Roll_No,Name,Telugu,Hindi,Engish,Maths,Science,Social,Total,Percentage,Grade
0,101,sai,90.0,90.0,90.0,90.0,90.0,90.0,540.0,90.0,Pass
1,102,venkat,33.0,33.0,33.0,33.0,33.0,33.0,198.0,33.0,Fail
2,103,anil,44.0,44.0,44.0,44.0,44.0,44.0,264.0,44.0,Firstclass
3,104,geetha,32.0,32.0,32.0,32.0,32.0,32.0,192.0,32.0,Fail
4,105,sanju,1.0,1.0,1.0,1.0,,1.0,5.0,0.8333333333333334,Fail
5,106,devi,6.0,6.0,6.0,6.0,6.0,6.0,36.0,6.0,Fail
6,107,shambhavi,3.0,,3.0,3.0,3.0,3.0,15.0,2.5,Fail
7,108,ramu,78.0,78.0,78.0,78.0,78.0,78.0,468.0,78.0,Firstclass
8,109,chandhu,99.0,99.0,99.0,99.0,99.0,99.0,594.0,99.0,Pass
9,110,anusha,100.0,100.0,100.0,100.0,100.0,100.0,600.0,100.0,Pass
10,111,hari,100.0,100.0,,100.0,100.0,,400.0,66.66666666666667,Firstclass
11,112,pavan,14.0,14.0,14.0,14.0,14.0,14.0,84.0,14.0,Fail
12,113,teju,63.0,63.0,63.0,63.0,63.0,63.0,378.0,63.0,Firstclass
13,114,vasi,92.0,92.0,92.0,92.0,92.0,92.0,552.0,92.0,Pass
14,115,,34.0,34.0,34.0,34.0,34.0,34.0,204.0,34.0,Fail
15,116,dinakhar,56.0,56.0,56.0,,56.0,56.0,280.0,46.666666666666664,Firstclass
16,117,ramya,57.0,57.0,57.0,57.0,57.0,57.0,342.0,57.0,Firstclass
17,118,sasi,,3.0,100.0,56.0,,,159.0,26.5,Fail
18,119,santhosh,89.0,89.0,89.0,89.0,89.0,89.0,534.0,89.0,Pass
19,120,kavya,72.0,72.0,72.0,72.0,72.0,72.0,432.0,72.0,Firstclass
